0.432622 0.44212 0.443308 0.441343 0.446742 0.441801 0.442696 0.436819 0.453289 0.448424 0.446959 0.458498 0.455209 0.452594 0.461321 0.456133 0.459458 0.453316 0.467152 0.46764 0.473249
0.435055 0.426725 0.431691 0.440387 0.445675 0.436333 0.44377 0.444488 0.441593 0.432881 0.444612 0.440101 0.449876 0.45068 0.449701 0.455984 0.456387 0.452379 0.459408 0.46285 0.469227
0.428864 0.428675 0.423845 0.426554 0.431701 0.433836 0.427063 0.432003 0.430924 0.432 0.438201 0.444512 0.444722 0.444519 0.453039 0.448341 0.467662 0.45446 0.45839 0.45747 0.456939
0.418371 0.423105 0.426449 0.428097 0.429418 0.423443 0.431199 0.436291 0.434573 0.435748 0.434888 0.439993 0.436511 0.44219 0.449053 0.439107 0.447137 0.446463 0.454395 0.453272 0.448908
0.419977 0.417922 0.419684 0.420564 0.423103 0.42258 0.425253 0.425082 0.428137 0.426355 0.436818 0.434003 0.432657 0.440433 0.437536 0.436273 0.440508 0.443531 0.443511 0.462136 0.449715
0.420061 0.417425 0.41682 0.431537 0.416735 0.418321 0.424844 0.42366 0.422518 0.428174 0.426591 0.428654 0.436636 0.42641 0.43877 0.430255 0.431505 0.448444 0.434782 0.436273 0.44241
0.410861 0.413113 0.408812 0.409489 0.409309 0.410929 0.415416 0.417327 0.424983 0.424255 0.419568 0.428955 0.422113 0.430081 0.427437 0.433699 0.433746 0.432297 0.437054 0.429281 0.434968
0.390716 0.396406 0.397087 0.404624 0.413211 0.40109 0.408264 0.414354 0.41447 0.420577 0.41656 0.418852 0.426348 0.414179 0.417804 0.427047 0.420287 0.434483 0.441568 0.434187 0.429752
0.379552 0.397212 0.389852 0.389492 0.394624 0.4005 0.405549 0.401284 0.401025 0.407888 0.409116 0.405838 0.406216 0.413312 0.418983 0.408347 0.415476 0.425299 0.426183 0.430609 0.432899
0.377629 0.388874 0.381774 0.378828 0.38317 0.38975 0.385444 0.39483 0.394219 0.393029 0.404728 0.403133 0.396582 0.399201 0.41065 0.411831 0.419477 0.407487 0.418964 0.405015 0.426595
0.361341 0.367111 0.358832 0.375078 0.37703 0.376064 0.386798 0.379445 0.386877 0.377946 0.396824 0.386457 0.394238 0.399123 0.392038 0.393364 0.407306 0.409592 0.402304 0.409271 0.407644
0.341772 0.35128 0.36311 0.360618 0.352768 0.364947 0.368152 0.362492 0.358121 0.369951 0.375154 0.38089 0.38576 0.376834 0.389335 0.383145 0.393063 0.392363 0.400178 0.388478 0.390694
0.333765 0.319246 0.330025 0.339363 0.330331 0.343296 0.336411 0.344307 0.347498 0.354918 0.351791 0.364705 0.360229 0.37206 0.371244 0.37345 0.374455 0.3839 0.373021 0.385254 0.371586
0.299922 0.307843 0.296873 0.290319 0.317177 0.304807 0.315689 0.320186 0.323415 0.325832 0.330201 0.321351 0.343909 0.342176 0.348354 0.347481 0.354956 0.334509 0.357788 0.357506 0.361707
0.256983 0.257272 0.260141 0.267389 0.259649 0.270175 0.276375 0.282653 0.285722 0.290506 0.287428 0.29565 0.301203 0.301272 0.311054 0.317872 0.310159 0.317569 0.334776 0.332697 0.339119
0.230537 0.231583 0.233474 0.239047 0.256041 0.2422 0.237831 0.254631 0.246439 0.265189 0.252063 0.257412 0.255667 0.268656 0.26762 0.283703 0.288434 0.28054 0.280545 0.29177 0.293019
0.203388 0.209029 0.217217 0.220807 0.221876 0.220451 0.227528 0.219935 0.225341 0.227605 0.236574 0.239725 0.233209 0.250958 0.241364 0.23069 0.246052 0.25068 0.261962 0.250298 0.259167
0.195891 0.191978 0.189391 0.200795 0.199387 0.194091 0.201318 0.20256 0.205637 0.211117 0.221371 0.210274 0.214837 0.220681 0.224246 0.226035 0.224843 0.229427 0.241745 0.228186 0.244106
0.166877 0.17339 0.176576 0.180057 0.175908 0.180259 0.183682 0.178199 0.18189 0.190291 0.192107 0.184222 0.191807 0.197696 0.189642 0.201266 0.195335 0.202358 0.203862 0.208365 0.21382
0.143081 0.142727 0.143322 0.14839 0.15351 0.150907 0.152055 0.155949 0.155906 0.162281 0.160902 0.162001 0.164928 0.16391 0.172269 0.17511 0.177945 0.17489 0.176192 0.182535 0.178643
0.0509129 0.0581008 0.0627936 0.0599471 0.0681472 0.0614617 0.0750108 0.0828986 0.0853182 0.0893668 0.0912508 0.0983899 0.0959226 0.106805 0.109467 0.112626 0.112509 0.115532 0.114703 0.117972 0.134688
