6 14 16 30 40 42 49 52 58 65 66 69 74 87 89 92 93 100 104 113 115 118 121 123 124 129 141 152 158 164 165 167 171 178 190 195 217 221 227 246 251 286 291 293 296 314 333 337 342 344 353 355 367 
0 3 4 7 8 9 12 13 22 34 40 41 44 46 47 51 52 54 62 67 69 70 71 75 82 84 86 87 88 89 90 91 96 98 101 102 105 108 109 110 122 131 136 137 138 140 141 142 143 147 148 153 154 158 159 162 166 176 177 182 183 185 186 187 188 193 194 196 197 200 201 206 215 217 224 228 238 248 249 252 254 255 256 257 259 260 261 272 273 274 281 283 287 288 295 298 303 305 306 315 317 320 321 324 327 329 330 334 341 347 348 349 350 364 365 
1 2 4 6 10 11 15 16 18 21 25 28 29 30 32 39 41 42 44 45 47 48 49 50 53 55 56 60 61 63 64 66 68 72 74 78 80 83 84 89 92 93 94 97 98 99 103 104 106 107 111 112 113 115 116 119 120 124 125 126 128 130 134 135 136 138 141 143 145 149 150 152 154 155 156 157 158 161 162 166 169 171 172 174 178 179 180 184 185 187 189 190 191 194 195 196 198 200 204 205 207 209 210 211 213 214 216 217 218 220 222 226 233 235 238 240 244 246 247 250 251 253 255 257 261 262 265 266 274 275 277 282 285 286 289 294 295 297 299 301 316 318 323 326 328 331 332 335 338 339 340 343 344 346 352 354 356 357 363 366 367 
0 3 7 8 9 13 14 16 22 24 30 34 37 38 40 45 46 47 49 51 52 67 69 70 71 75 86 88 91 96 100 102 105 109 110 115 121 122 137 143 147 150 162 173 174 175 176 177 178 180 182 183 184 185 186 188 193 194 196 197 198 201 204 210 211 214 215 222 223 225 228 230 254 256 258 260 265 272 273 277 279 296 305 306 307 314 315 317 320 321 322 325 335 337 339 341 347 350 355 356 362 364 369 
2 4 6 8 9 10 17 22 26 30 31 32 36 37 40 41 42 43 44 45 46 47 50 51 59 64 65 68 72 77 95 101 104 106 107 111 116 123 125 128 134 143 144 148 153 154 166 167 169 170 171 172 173 174 175 178 179 181 184 187 188 189 190 191 195 197 198 199 200 203 208 209 212 213 216 217 220 221 223 224 226 229 230 231 238 239 240 242 247 250 251 252 253 254 255 258 262 266 267 272 274 278 281 282 283 286 290 294 297 301 302 305 308 314 316 318 323 325 326 328 334 336 338 340 342 349 351 352 353 354 355 357 358 361 368 
0 3 7 11 12 13 14 16 19 23 24 27 37 41 42 43 44 45 47 49 50 52 53 62 69 84 85 91 93 97 98 100 102 103 108 109 110 114 122 128 129 131 133 138 143 146 147 155 157 163 164 180 185 186 188 190 192 193 194 197 198 200 201 202 206 209 211 214 215 216 220 223 228 229 230 233 236 248 250 258 260 268 270 271 273 276 286 287 289 291 293 296 300 303 307 312 313 314 320 321 322 326 328 330 332 337 342 344 348 356 363 365 
2 3 5 8 9 10 15 25 28 31 34 38 40 41 42 44 46 48 50 51 63 67 71 75 78 81 83 86 90 95 96 99 104 106 111 117 127 128 135 136 140 141 142 143 149 150 151 153 155 156 158 160 161 166 169 175 178 180 181 182 186 187 188 190 191 192 196 198 199 200 201 202 208 209 218 222 223 226 227 235 242 243 244 247 255 258 259 261 263 264 265 268 269 272 274 277 279 282 286 288 290 294 300 304 305 308 309 311 314 316 318 321 325 334 335 336 338 342 343 351 353 354 355 356 363 366 
0 3 4 6 19 23 24 27 32 42 43 45 46 47 48 49 51 52 64 75 98 100 102 103 105 107 119 120 122 125 126 137 139 147 150 157 164 168 175 178 180 181 182 183 185 186 188 190 192 193 194 196 197 198 200 201 205 207 211 212 213 214 215 216 221 224 225 230 234 237 244 248 250 251 253 257 258 259 260 261 265 266 270 273 276 280 284 286 288 291 293 296 301 302 303 304 306 307 309 312 313 314 316 317 320 321 324 326 327 328 337 340 345 348 350 354 364 365 367 369 
5 7 9 14 15 17 18 23 28 30 34 36 41 42 44 46 47 50 65 78 79 81 85 96 97 101 106 111 112 113 118 122 123 124 126 130 139 143 147 149 158 166 167 168 169 170 172 173 176 177 178 179 182 184 185 186 187 188 189 190 191 192 193 194 195 196 197 199 201 204 208 209 210 214 216 217 218 219 220 223 226 230 232 233 234 236 238 240 241 242 244 245 246 247 248 249 251 254 255 263 269 272 274 277 279 281 282 287 290 293 294 295 298 299 300 305 308 310 314 315 316 318 319 321 322 324 325 328 331 334 335 342 343 344 349 351 356 359 363 365 366 369 
1 3 22 24 29 33 37 40 43 45 46 48 49 51 52 56 57 62 63 70 84 100 102 103 104 109 110 115 119 121 122 125 129 132 138 143 145 148 157 159 164 168 169 171 173 180 181 183 184 188 192 193 194 196 197 198 201 202 205 208 211 213 214 215 216 217 218 223 224 225 226 227 233 242 244 245 246 247 250 253 256 257 259 260 261 264 265 266 268 270 275 276 280 283 284 285 286 287 291 292 297 299 301 303 307 309 311 312 314 317 320 326 327 328 329 333 335 342 343 345 346 347 348 357 362 363 364 367 368 
0 2 4 5 7 10 18 19 21 24 28 32 38 41 44 45 46 47 49 50 65 81 85 86 90 95 96 97 98 99 106 111 116 118 120 123 125 128 129 130 133 134 138 140 144 145 147 148 149 156 158 166 168 169 174 178 179 180 182 184 185 186 187 189 190 191 192 193 194 195 198 199 200 204 207 209 211 215 219 220 221 222 223 226 228 229 232 237 240 241 247 249 255 258 261 262 263 267 270 272 274 276 281 282 293 294 296 301 302 307 310 313 315 316 318 321 323 324 330 331 332 335 336 340 341 342 343 349 355 360 361 365 367 369 
1 3 11 14 22 25 28 30 31 36 37 40 42 45 46 47 48 49 50 51 52 53 56 69 76 84 91 102 103 104 109 110 112 113 122 127 135 136 137 138 140 141 143 145 152 157 159 161 164 166 167 169 175 178 180 182 183 186 188 189 190 194 196 197 198 201 202 210 212 213 214 216 218 219 223 224 225 227 233 236 237 238 239 243 245 247 248 249 250 252 253 254 256 257 261 264 265 269 270 280 287 289 290 291 295 297 298 300 304 306 309 311 312 314 317 319 322 325 328 329 335 342 348 351 362 363 366 
0 3 8 15 21 23 26 41 45 46 49 50 55 64 70 81 88 92 96 97 98 99 101 102 106 108 111 115 116 117 126 128 132 133 134 136 147 148 151 156 157 159 160 162 163 164 165 167 168 171 173 174 176 179 180 184 186 187 188 190 191 192 194 195 196 198 199 200 202 205 206 209 210 216 219 220 223 228 229 230 231 232 235 237 241 242 244 248 253 256 258 263 265 267 271 272 273 274 275 280 285 286 292 293 299 307 310 313 314 315 320 321 324 326 332 333 337 339 340 341 344 345 350 356 359 360 361 368 
4 14 18 24 35 38 40 42 44 45 46 47 49 50 51 62 78 85 103 104 107 108 113 115 119 122 125 129 141 142 148 149 155 157 160 162 166 169 170 173 174 178 180 181 182 183 184 188 189 196 197 198 201 203 204 207 208 212 214 216 217 218 223 224 227 230 234 236 238 245 249 254 255 258 261 264 265 268 275 278 287 290 291 297 302 303 307 308 312 316 317 319 320 321 322 325 328 329 330 332 333 334 335 336 338 340 345 348 352 353 354 355 358 363 365 366 367 369 
0 17 22 24 34 43 45 46 47 48 50 57 60 63 65 67 71 88 90 96 97 100 101 111 116 118 120 123 124 127 128 132 133 136 140 144 145 150 152 153 160 162 164 166 167 169 172 173 175 176 177 178 179 180 181 184 185 186 187 188 190 191 192 193 194 195 196 200 201 206 208 209 210 211 216 220 221 222 225 226 228 230 232 234 237 241 244 247 248 250 251 252 256 258 263 264 271 272 273 280 286 292 293 294 295 306 307 310 311 315 322 324 328 337 342 343 347 350 355 356 360 363 366 368 
1 2 3 5 10 11 13 27 29 31 41 42 44 47 49 55 59 103 107 109 110 119 121 122 129 138 139 143 146 150 154 161 162 164 166 167 171 175 176 177 178 180 183 184 185 186 188 189 190 192 196 197 198 200 203 204 212 214 216 219 223 224 227 231 236 243 244 245 247 249 251 253 254 255 257 258 261 262 268 270 275 278 281 285 286 289 290 293 294 296 297 298 299 302 312 313 315 317 318 328 329 330 331 333 334 336 340 343 348 356 357 358 359 364 365 369 
0 6 15 22 26 27 28 30 34 37 38 39 40 41 42 47 48 50 57 60 63 64 70 77 91 92 95 96 99 102 105 113 116 117 125 129 130 134 136 145 149 150 151 155 158 160 163 165 170 171 172 179 181 182 186 187 188 192 194 195 196 199 200 201 202 204 207 208 211 216 217 222 223 225 226 229 230 233 234 235 239 242 245 248 250 251 252 258 259 260 263 264 265 271 272 273 279 280 283 291 292 294 298 300 301 302 303 304 307 308 309 311 313 314 315 321 323 324 339 342 345 351 354 355 356 360 361 362 363 366 
1 2 3 10 11 13 14 20 31 36 37 41 42 43 44 45 46 47 50 51 59 76 84 85 86 100 103 109 115 121 125 131 133 135 137 140 143 147 153 156 162 164 170 174 178 180 183 184 185 186 188 196 197 198 200 202 203 204 206 209 213 214 216 221 226 230 231 232 236 237 241 244 246 249 251 255 257 266 268 270 272 276 277 278 279 282 283 284 286 290 293 295 296 299 300 301 302 305 306 307 310 314 317 318 321 322 325 330 332 333 334 336 338 340 343 346 348 349 352 358 359 361 367 369 
0 4 5 6 7 10 13 15 16 17 22 28 30 37 38 39 40 41 42 43 45 48 49 61 71 81 87 92 94 96 98 102 105 107 113 114 116 119 122 123 124 129 130 132 134 136 141 146 149 150 155 156 159 160 163 166 169 171 173 175 176 178 179 180 181 182 187 188 189 190 192 194 196 198 200 201 202 204 207 208 209 212 216 217 219 221 223 230 234 237 244 245 248 250 264 265 269 271 272 277 279 281 283 286 287 291 293 295 297 298 300 303 304 310 313 315 319 320 321 322 323 337 340 342 343 345 346 347 348 351 353 354 356 358 360 362 363 365 366 368 
3 7 12 14 18 20 22 23 25 29 36 39 41 44 45 46 47 48 50 53 55 62 69 84 85 99 103 104 111 115 131 133 137 143 147 153 154 155 156 159 161 164 166 173 174 176 178 183 185 186 188 189 190 192 194 202 203 206 209 210 212 213 214 215 226 233 239 241 244 251 252 254 257 267 270 272 273 275 278 280 284 285 289 290 292 293 294 296 299 300 302 306 309 315 317 318 321 325 327 328 329 333 335 336 338 339 343 347 349 350 352 356 363 367 369 
