     1     1     1 0.193
     2     1     2 0.243
     3     1     2 0.275
     4     1     7 0.176
     5     2     1 0.057
     6     2     2 0.143
     7     2     2 0.252
     8     2     7 0.193
     9     3     1 0.140
    10     3     2 0.166
    11     3     2 0.303
    12     3     5 0.130
    13     3     5 0.114
    14     3     7 0.217
    15     3     7 0.025
    16     4     1 0.164
    17     4     2 0.385
    18     4     2 0.340
    19     4     5 0.153
    20     4     5 0.058
    21     4     7 0.142
    22     4     7 0.168
    23     5     1 0.117
    24     5     2 0.230
    25     5     2 0.137
    26     5     5 0.130
    27     5     5 0.123
    28     5     7 0.186
    29     5     7 0.085
    30     6     1 0.174
    31     6     2 0.446
    32     6     2 0.505
    33     6     5 0.104
    34     6     5 0.183
    35     6     7 0.100
    36     6     7 0.190
    37     7     1 0.146
    38     7     2 0.312
    39     7     2 0.201
    40     7     7 0.144
    41     8     1 0.103
    42     8     2 0.420
    43     8     2 0.241
    44     8     7 0.178
    45     9     1 0.158
    46     9     2 0.253
    47     9     2 0.389
    48     9     7 0.102
    49    10     1 0.137
    50    10     2 0.161
    51    10     2 0.104
    52    10     7 0.068
    53    11     3 0.342
    54    11     4 0.579
    55    11     5 0.113
    56    11     5 0.177
    57    11     5 0.199
    58    11     5 0.142
    59    11     6 0.112
    60    12     3 0.340
    61    12     4 0.373
    62    12     5 0.164
    63    12     5 0.182
    64    12     5 0.146
    65    12     5 0.177
    66    12     6 0.115
    67    13     3 0.310
    68    13     4 0.223
    69    13     5 0.087
    70    13     5 0.206
    71    13     5 0.101
    72    13     5 0.059
    73    13     6 0.214
    74    14     3 0.350
    75    14     4 0.384
    76    14     5 0.219
    77    14     5 0.147
    78    14     5 0.172
    79    14     5 0.132
    80    14     6 0.110
    81    15     3 0.408
    82    15     4 0.187
    83    15     5 0.099
    84    15     5 0.150
    85    15     5 0.181
    86    15     5 0.136
    87    15     6 0.088
    88    16     3 0.397
    89    16     4 0.158
    90    16     5 0.140
    91    16     5 0.170
    92    16     5 0.079
    93    16     5 0.114
    94    16     6 0.161
    95    17     3 0.243
    96    17     3 0.381
    97    17     4 0.372
    98    17     5 0.207
    99    17     5 0.180
   100    17     5 0.086
   101    17     5 0.040
   102    18     3 0.317
   103    18     4 0.222
   104    18     4 0.332
   105    18     5 0.121
   106    18     5 0.161
   107    18     5 0.197
   108    18     5 0.155
   109    19     3 0.249
   110    19     4 0.441
   111    19     5 0.094
   112    19     5 0.165
   113    19     5 0.091
   114    19     5 0.102
   115    19     6 0.251
   116    20     3 0.181
   117    20     4 0.340
   118    20     5 0.117
   119    20     5 0.089
   120    20     5 0.136
   121    20     5 0.105
   122    20     6 0.151
   123    21     3 0.365
   124    21     4 0.393
   125    21     5 0.136
   126    21     5 0.127
   127    21     5 0.130
   128    21     5 0.125
   129    21     6 0.165
   130    22     3 0.265
   131    22     4 0.139
   132    22     5 0.212
   133    22     5 0.181
   134    22     5 0.153
   135    22     5 0.077
   136    22     6 0.103
   137    23     3 0.305
   138    23     4 0.366
   139    23     5 0.069
   140    23     5 0.052
   141    23     5 0.280
   142    23     5 0.199
   143    23     6 0.234
   144    24     3 0.221
   145    24     4 0.514
   146    24     5 0.163
   147    24     5 0.101
   148    24     5 0.093
   149    24     5 0.177
   150    24     6 0.156
   151    25     3 0.145
   152    25     4 0.354
   153    25     5 0.228
   154    25     5 0.065
   155    25     5 0.128
   156    25     5 0.146
   157    25     6 0.177
   158    26     3 0.317
   159    26     4 0.146
   160    26     5 0.050
   161    26     5 0.192
   162    26     5 0.129
   163    26     5 0.246
   164    26     6 0.102
   165    27     3 0.294
   166    27     4 0.280
   167    27     5 0.130
   168    27     5 0.170
   169    27     5 0.093
   170    27     5 0.119
   171    27     6 0.193
   172    28     3 0.420
   173    28     4 0.250
   174    28     5 0.092
   175    28     5 0.170
   176    28     5 0.215
   177    28     5 0.120
   178    28     6 0.169
   179    29     3 0.380
   180    29     4 0.338
   181    29     5 0.172
   182    29     7 0.188
   183    30     3 0.405
   184    30     4 0.341
   185    30     5 0.125
   186    30     7 0.210
   187    31     3 0.225
   188    31     4 0.341
   189    31     5 0.155
   190    31     7 0.232
   191    32     3 0.206
   192    32     4 0.264
   193    32     5 0.210
   194    32     7 0.073
   195    33     3 0.173
   196    33     4 0.240
   197    33     5 0.156
   198    33     7 0.083
   199    34     3 0.350
   200    34     4 0.241
   201    34     5 0.098
   202    34     7 0.076
   203    35     5 0.107
   204    35     6 0.092
   205    35     6 0.152
   206    35     6 0.127
   207    35     6 0.155
   208    35     6 0.137
   209    35     7 0.148
   210    36     5 0.142
   211    36     6 0.141
   212    36     6 0.098
   213    36     6 0.134
   214    36     6 0.188
   215    36     6 0.237
   216    36     7 0.119
   217    37     5 0.140
   218    37     6 0.092
   219    37     6 0.269
   220    37     6 0.226
   221    37     6 0.158
   222    37     6 0.135
   223    37     7 0.216
   224    38     5 0.107
   225    38     6 0.115
   226    38     6 0.192
   227    38     6 0.115
   228    38     6 0.127
   229    38     6 0.194
   230    38     7 0.077
   231    39     5 0.159
   232    39     6 0.172
   233    39     6 0.195
   234    39     6 0.175
   235    39     6 0.130
   236    39     6 0.124
   237    39     7 0.063
   238    40     5 0.213
   239    40     6 0.190
   240    40     6 0.116
   241    40     6 0.209
   242    40     6 0.190
   243    40     6 0.164
   244    40     7 0.160
   245    41     5 0.137
   246    41     6 0.150
   247    41     6 0.168
   248    41     6 0.326
   249    41     6 0.144
   250    41     6 0.072
   251    41     7 0.210
   252    42     5 0.140
   253    42     6 0.246
   254    42     6 0.180
   255    42     6 0.118
   256    42     6 0.281
   257    42     6 0.178
   258    42     7 0.110
   259    43     5 0.040
   260    43     6 0.165
   261    43     6 0.111
   262    43     6 0.097
   263    43     6 0.062
   264    43     6 0.129
   265    43     7 0.087
   266    44     5 0.111
   267    44     6 0.097
   268    44     6 0.182
   269    44     6 0.134
   270    44     6 0.238
   271    44     6 0.226
   272    44     7 0.143
   273    45     5 0.080
   274    45     6 0.158
   275    45     6 0.136
   276    45     6 0.208
   277    45     6 0.093
   278    45     6 0.184
   279    45     6 0.117
   280    46     5 0.131
   281    46     6 0.130
   282    46     6 0.116
   283    46     6 0.179
   284    46     6 0.111
   285    46     6 0.097
   286    46     6 0.178
   287    47     5 0.176
   288    47     6 0.129
   289    47     6 0.168
   290    47     6 0.132
   291    47     6 0.163
   292    47     6 0.022
   293    47     6 0.173
   294    48     5 0.226
   295    48     6 0.243
   296    48     6 0.202
   297    48     6 0.196
   298    48     6 0.138
   299    48     6 0.159
   300    48     6 0.162
   301    49     5 0.240
   302    49     6 0.155
   303    49     6 0.108
   304    49     6 0.132
   305    49     6 0.141
   306    49     6 0.126
   307    49     6 0.192
   308    50     5 0.144
   309    50     6 0.277
   310    50     6 0.084
   311    50     6 0.156
   312    50     6 0.078
   313    50     6 0.215
   314    50     6 0.220
   315    51     5 0.134
   316    51     6 0.067
   317    51     6 0.247
   318    51     6 0.096
   319    51     6 0.161
   320    51     6 0.205
   321    51     6 0.157
   322    52     5 0.191
   323    52     6 0.265
   324    52     6 0.288
   325    52     6 0.157
   326    52     6 0.055
   327    52     6 0.132
   328    52     6 0.108
   329    53     5 0.175
   330    53     6 0.112
   331    53     6 0.094
   332    53     6 0.154
   333    53     6 0.255
   334    53     6 0.114
   335    53     6 0.136
   336    54     5 0.188
   337    54     6 0.208
   338    54     6 0.211
   339    54     6 0.174
   340    54     6 0.201
   341    54     6 0.194
   342    54     6 0.131
   343    55     5 0.189
   344    55     6 0.171
   345    55     6 0.135
   346    55     6 0.105
   347    55     6 0.182
   348    55     6 0.153
   349    55     6 0.141
   350    56     5 0.076
   351    56     6 0.165
   352    56     6 0.199
   353    56     6 0.170
   354    56     6 0.160
   355    56     6 0.164
   356    56     6 0.153
   357    57     5 0.177
   358    57     6 0.111
   359    57     6 0.189
   360    57     6 0.220
   361    57     6 0.123
   362    57     6 0.246
   363    57     6 0.141
   364    58     5 0.145
   365    58     6 0.138
   366    58     6 0.105
   367    58     6 0.110
   368    58     6 0.102
   369    58     6 0.168
   370    58     6 0.230
