     1     1     1 0.191
     2     1     2 0.153
     3     1     2 0.319
     4     1     7 0.079
     5     2     1 0.177
     6     2     2 0.218
     7     2     2 0.291
     8     2     7 0.153
     9     3     1 0.097
    10     3     2 0.334
    11     3     2 0.210
    12     3     5 0.147
    13     3     5 0.049
    14     3     7 0.129
    15     3     7 0.132
    16     4     1 0.170
    17     4     2 0.271
    18     4     2 0.335
    19     4     5 0.101
    20     4     5 0.181
    21     4     7 0.082
    22     4     7 0.189
    23     5     1 0.112
    24     5     2 0.116
    25     5     2 0.404
    26     5     5 0.147
    27     5     5 0.094
    28     5     7 0.172
    29     5     7 0.146
    30     6     1 0.226
    31     6     2 0.542
    32     6     2 0.396
    33     6     5 0.119
    34     6     5 0.162
    35     6     7 0.201
    36     6     7 0.106
    37     7     1 0.148
    38     7     2 0.268
    39     7     2 0.343
    40     7     7 0.171
    41     8     1 0.232
    42     8     2 0.196
    43     8     2 0.488
    44     8     7 0.167
    45     9     1 0.129
    46     9     2 0.394
    47     9     2 0.379
    48     9     7 0.167
    49    10     1 0.179
    50    10     2 0.212
    51    10     2 0.332
    52    10     7 0.114
    53    11     3 0.244
    54    11     4 0.382
    55    11     5 0.100
    56    11     5 0.199
    57    11     5 0.118
    58    11     5 0.240
    59    11     6 0.129
    60    12     3 0.269
    61    12     4 0.271
    62    12     5 0.096
    63    12     5 0.160
    64    12     5 0.074
    65    12     5 0.114
    66    12     6 0.128
    67    13     3 0.243
    68    13     4 0.246
    69    13     5 0.120
    70    13     5 0.170
    71    13     5 0.197
    72    13     5 0.165
    73    13     6 0.250
    74    14     3 0.197
    75    14     4 0.269
    76    14     5 0.131
    77    14     5 0.191
    78    14     5 0.190
    79    14     5 0.156
    80    14     6 0.198
    81    15     3 0.209
    82    15     4 0.190
    83    15     5 0.179
    84    15     5 0.171
    85    15     5 0.101
    86    15     5 0.188
    87    15     6 0.128
    88    16     3 0.279
    89    16     4 0.251
    90    16     5 0.117
    91    16     5 0.120
    92    16     5 0.159
    93    16     5 0.135
    94    16     6 0.182
    95    17     3 0.130
    96    17     3 0.361
    97    17     4 0.282
    98    17     5 0.143
    99    17     5 0.180
   100    17     5 0.202
   101    17     5 0.140
   102    18     3 0.288
   103    18     4 0.305
   104    18     4 0.294
   105    18     5 0.166
   106    18     5 0.138
   107    18     5 0.161
   108    18     5 0.172
   109    19     3 0.370
   110    19     4 0.361
   111    19     5 0.119
   112    19     5 0.164
   113    19     5 0.180
   114    19     5 0.155
   115    19     6 0.132
   116    20     3 0.327
   117    20     4 0.311
   118    20     5 0.236
   119    20     5 0.120
   120    20     5 0.113
   121    20     5 0.063
   122    20     6 0.185
   123    21     3 0.349
   124    21     4 0.481
   125    21     5 0.196
   126    21     5 0.193
   127    21     5 0.146
   128    21     5 0.195
   129    21     6 0.221
   130    22     3 0.152
   131    22     4 0.331
   132    22     5 0.159
   133    22     5 0.165
   134    22     5 0.156
   135    22     5 0.172
   136    22     6 0.070
   137    23     3 0.198
   138    23     4 0.480
   139    23     5 0.155
   140    23     5 0.289
   141    23     5 0.092
   142    23     5 0.057
   143    23     6 0.201
   144    24     3 0.255
   145    24     4 0.228
   146    24     5 0.093
   147    24     5 0.095
   148    24     5 0.128
   149    24     5 0.142
   150    24     6 0.223
   151    25     3 0.311
   152    25     4 0.353
   153    25     5 0.139
   154    25     5 0.177
   155    25     5 0.169
   156    25     5 0.188
   157    25     6 0.152
   158    26     3 0.413
   159    26     4 0.274
   160    26     5 0.239
   161    26     5 0.211
   162    26     5 0.086
   163    26     5 0.034
   164    26     6 0.237
   165    27     3 0.271
   166    27     4 0.360
   167    27     5 0.195
   168    27     5 0.058
   169    27     5 0.153
   170    27     5 0.152
   171    27     6 0.158
   172    28     3 0.426
   173    28     4 0.359
   174    28     5 0.261
   175    28     5 0.147
   176    28     5 0.125
   177    28     5 0.162
   178    28     6 0.088
   179    29     3 0.348
   180    29     4 0.081
   181    29     5 0.162
   182    29     7 0.166
   183    30     3 0.417
   184    30     4 0.167
   185    30     5 0.154
   186    30     7 0.124
   187    31     3 0.313
   188    31     4 0.156
   189    31     5 0.120
   190    31     7 0.105
   191    32     3 0.234
   192    32     4 0.340
   193    32     5 0.089
   194    32     7 0.090
   195    33     3 0.152
   196    33     4 0.447
   197    33     5 0.166
   198    33     7 0.202
   199    34     3 0.316
   200    34     4 0.267
   201    34     5 0.083
   202    34     7 0.108
   203    35     5 0.098
   204    35     6 0.040
   205    35     6 0.133
   206    35     6 0.186
   207    35     6 0.166
   208    35     6 0.171
   209    35     7 0.141
   210    36     5 0.217
   211    36     6 0.121
   212    36     6 0.157
   213    36     6 0.068
   214    36     6 0.112
   215    36     6 0.109
   216    36     7 0.090
   217    37     5 0.129
   218    37     6 0.176
   219    37     6 0.149
   220    37     6 0.092
   221    37     6 0.150
   222    37     6 0.116
   223    37     7 0.135
   224    38     5 0.143
   225    38     6 0.117
   226    38     6 0.193
   227    38     6 0.156
   228    38     6 0.170
   229    38     6 0.194
   230    38     7 0.150
   231    39     5 0.195
   232    39     6 0.159
   233    39     6 0.178
   234    39     6 0.184
   235    39     6 0.209
   236    39     6 0.174
   237    39     7 0.096
   238    40     5 0.135
   239    40     6 0.221
   240    40     6 0.151
   241    40     6 0.148
   242    40     6 0.235
   243    40     6 0.125
   244    40     7 0.079
   245    41     5 0.201
   246    41     6 0.150
   247    41     6 0.196
   248    41     6 0.157
   249    41     6 0.220
   250    41     6 0.202
   251    41     7 0.099
   252    42     5 0.133
   253    42     6 0.165
   254    42     6 0.111
   255    42     6 0.178
   256    42     6 0.081
   257    42     6 0.162
   258    42     7 0.139
   259    43     5 0.201
   260    43     6 0.190
   261    43     6 0.161
   262    43     6 0.194
   263    43     6 0.252
   264    43     6 0.196
   265    43     7 0.134
   266    44     5 0.181
   267    44     6 0.163
   268    44     6 0.182
   269    44     6 0.171
   270    44     6 0.084
   271    44     6 0.129
   272    44     7 0.247
   273    45     5 0.139
   274    45     6 0.211
   275    45     6 0.148
   276    45     6 0.179
   277    45     6 0.100
   278    45     6 0.153
   279    45     6 0.180
   280    46     5 0.107
   281    46     6 0.082
   282    46     6 0.167
   283    46     6 0.141
   284    46     6 0.103
   285    46     6 0.148
   286    46     6 0.055
   287    47     5 0.098
   288    47     6 0.044
   289    47     6 0.091
   290    47     6 0.100
   291    47     6 0.091
   292    47     6 0.064
   293    47     6 0.164
   294    48     5 0.136
   295    48     6 0.070
   296    48     6 0.156
   297    48     6 0.189
   298    48     6 0.150
   299    48     6 0.155
   300    48     6 0.131
   301    49     5 0.128
   302    49     6 0.076
   303    49     6 0.148
   304    49     6 0.198
   305    49     6 0.237
   306    49     6 0.128
   307    49     6 0.069
   308    50     5 0.130
   309    50     6 0.158
   310    50     6 0.169
   311    50     6 0.139
   312    50     6 0.093
   313    50     6 0.251
   314    50     6 0.032
   315    51     5 0.199
   316    51     6 0.125
   317    51     6 0.084
   318    51     6 0.118
   319    51     6 0.166
   320    51     6 0.157
   321    51     6 0.114
   322    52     5 0.135
   323    52     6 0.189
   324    52     6 0.181
   325    52     6 0.182
   326    52     6 0.129
   327    52     6 0.202
   328    52     6 0.183
   329    53     5 0.207
   330    53     6 0.275
   331    53     6 0.203
   332    53     6 0.208
   333    53     6 0.153
   334    53     6 0.086
   335    53     6 0.131
   336    54     5 0.123
   337    54     6 0.112
   338    54     6 0.122
   339    54     6 0.178
   340    54     6 0.122
   341    54     6 0.105
   342    54     6 0.130
   343    55     5 0.199
   344    55     6 0.142
   345    55     6 0.170
   346    55     6 0.102
   347    55     6 0.166
   348    55     6 0.154
   349    55     6 0.216
   350    56     5 0.124
   351    56     6 0.139
   352    56     6 0.143
   353    56     6 0.091
   354    56     6 0.081
   355    56     6 0.166
   356    56     6 0.138
   357    57     5 0.159
   358    57     6 0.175
   359    57     6 0.105
   360    57     6 0.245
   361    57     6 0.156
   362    57     6 0.202
   363    57     6 0.139
   364    58     5 0.199
   365    58     6 0.142
   366    58     6 0.185
   367    58     6 0.178
   368    58     6 0.094
   369    58     6 0.073
   370    58     6 0.095
