     1     1     1 0.178
     2     1     2 0.136
     3     1     2 0.302
     4     1     7 0.120
     5     2     1 0.096
     6     2     2 0.383
     7     2     2 0.322
     8     2     7 0.110
     9     3     1 0.202
    10     3     2 0.109
    11     3     2 0.246
    12     3     5 0.171
    13     3     5 0.117
    14     3     7 0.168
    15     3     7 0.244
    16     4     1 0.166
    17     4     2 0.270
    18     4     2 0.481
    19     4     5 0.135
    20     4     5 0.075
    21     4     7 0.135
    22     4     7 0.099
    23     5     1 0.183
    24     5     2 0.391
    25     5     2 0.294
    26     5     5 0.105
    27     5     5 0.130
    28     5     7 0.138
    29     5     7 0.126
    30     6     1 0.136
    31     6     2 0.431
    32     6     2 0.196
    33     6     5 0.114
    34     6     5 0.107
    35     6     7 0.134
    36     6     7 0.174
    37     7     1 0.162
    38     7     2 0.265
    39     7     2 0.441
    40     7     7 0.143
    41     8     1 0.224
    42     8     2 0.450
    43     8     2 0.373
    44     8     7 0.120
    45     9     1 0.036
    46     9     2 0.349
    47     9     2 0.241
    48     9     7 0.128
    49    10     1 0.068
    50    10     2 0.374
    51    10     2 0.217
    52    10     7 0.084
    53    11     3 0.357
    54    11     4 0.362
    55    11     5 0.129
    56    11     5 0.103
    57    11     5 0.217
    58    11     5 0.101
    59    11     6 0.130
    60    12     3 0.328
    61    12     4 0.361
    62    12     5 0.241
    63    12     5 0.131
    64    12     5 0.077
    65    12     5 0.119
    66    12     6 0.176
    67    13     3 0.414
    68    13     4 0.329
    69    13     5 0.197
    70    13     5 0.203
    71    13     5 0.158
    72    13     5 0.164
    73    13     6 0.100
    74    14     3 0.257
    75    14     4 0.340
    76    14     5 0.182
    77    14     5 0.077
    78    14     5 0.121
    79    14     5 0.058
    80    14     6 0.204
    81    15     3 0.364
    82    15     4 0.213
    83    15     5 0.128
    84    15     5 0.197
    85    15     5 0.186
    86    15     5 0.264
    87    15     6 0.239
    88    16     3 0.379
    89    16     4 0.250
    90    16     5 0.158
    91    16     5 0.042
    92    16     5 0.234
    93    16     5 0.214
    94    16     6 0.135
    95    17     3 0.210
    96    17     3 0.316
    97    17     4 0.289
    98    17     5 0.121
    99    17     5 0.161
   100    17     5 0.189
   101    17     5 0.169
   102    18     3 0.460
   103    18     4 0.231
   104    18     4 0.333
   105    18     5 0.185
   106    18     5 0.144
   107    18     5 0.148
   108    18     5 0.154
   109    19     3 0.311
   110    19     4 0.537
   111    19     5 0.111
   112    19     5 0.221
   113    19     5 0.150
   114    19     5 0.184
   115    19     6 0.150
   116    20     3 0.269
   117    20     4 0.252
   118    20     5 0.107
   119    20     5 0.096
   120    20     5 0.145
   121    20     5 0.137
   122    20     6 0.175
   123    21     3 0.346
   124    21     4 0.365
   125    21     5 0.210
   126    21     5 0.180
   127    21     5 0.177
   128    21     5 0.078
   129    21     6 0.210
   130    22     3 0.272
   131    22     4 0.197
   132    22     5 0.102
   133    22     5 0.160
   134    22     5 0.133
   135    22     5 0.215
   136    22     6 0.176
   137    23     3 0.344
   138    23     4 0.434
   139    23     5 0.217
   140    23     5 0.121
   141    23     5 0.194
   142    23     5 0.220
   143    23     6 0.170
   144    24     3 0.287
   145    24     4 0.203
   146    24     5 0.166
   147    24     5 0.231
   148    24     5 0.203
   149    24     5 0.161
   150    24     6 0.126
   151    25     3 0.298
   152    25     4 0.321
   153    25     5 0.194
   154    25     5 0.160
   155    25     5 0.129
   156    25     5 0.168
   157    25     6 0.138
   158    26     3 0.346
   159    26     4 0.238
   160    26     5 0.152
   161    26     5 0.132
   162    26     5 0.239
   163    26     5 0.161
   164    26     6 0.181
   165    27     3 0.436
   166    27     4 0.351
   167    27     5 0.287
   168    27     5 0.135
   169    27     5 0.178
   170    27     5 0.229
   171    27     6 0.234
   172    28     3 0.345
   173    28     4 0.301
   174    28     5 0.286
   175    28     5 0.165
   176    28     5 0.110
   177    28     5 0.190
   178    28     6 0.178
   179    29     3 0.465
   180    29     4 0.296
   181    29     5 0.084
   182    29     7 0.107
   183    30     3 0.097
   184    30     4 0.595
   185    30     5 0.136
   186    30     7 0.079
   187    31     3 0.255
   188    31     4 0.237
   189    31     5 0.164
   190    31     7 0.124
   191    32     3 0.324
   192    32     4 0.295
   193    32     5 0.224
   194    32     7 0.096
   195    33     3 0.216
   196    33     4 0.568
   197    33     5 0.222
   198    33     7 0.115
   199    34     3 0.172
   200    34     4 0.185
   201    34     5 0.149
   202    34     7 0.135
   203    35     5 0.196
   204    35     6 0.090
   205    35     6 0.172
   206    35     6 0.145
   207    35     6 0.138
   208    35     6 0.139
   209    35     7 0.090
   210    36     5 0.134
   211    36     6 0.106
   212    36     6 0.134
   213    36     6 0.111
   214    36     6 0.132
   215    36     6 0.156
   216    36     7 0.149
   217    37     5 0.183
   218    37     6 0.159
   219    37     6 0.139
   220    37     6 0.142
   221    37     6 0.152
   222    37     6 0.173
   223    37     7 0.167
   224    38     5 0.246
   225    38     6 0.214
   226    38     6 0.181
   227    38     6 0.136
   228    38     6 0.180
   229    38     6 0.138
   230    38     7 0.102
   231    39     5 0.158
   232    39     6 0.061
   233    39     6 0.033
   234    39     6 0.064
   235    39     6 0.138
   236    39     6 0.119
   237    39     7 0.206
   238    40     5 0.135
   239    40     6 0.114
   240    40     6 0.152
   241    40     6 0.117
   242    40     6 0.118
   243    40     6 0.180
   244    40     7 0.071
   245    41     5 0.125
   246    41     6 0.189
   247    41     6 0.272
   248    41     6 0.165
   249    41     6 0.153
   250    41     6 0.121
   251    41     7 0.130
   252    42     5 0.186
   253    42     6 0.140
   254    42     6 0.147
   255    42     6 0.062
   256    42     6 0.137
   257    42     6 0.187
   258    42     7 0.076
   259    43     5 0.217
   260    43     6 0.121
   261    43     6 0.175
   262    43     6 0.200
   263    43     6 0.204
   264    43     6 0.189
   265    43     7 0.133
   266    44     5 0.256
   267    44     6 0.037
   268    44     6 0.122
   269    44     6 0.195
   270    44     6 0.170
   271    44     6 0.150
   272    44     7 0.084
   273    45     5 0.153
   274    45     6 0.172
   275    45     6 0.207
   276    45     6 0.158
   277    45     6 0.112
   278    45     6 0.141
   279    45     6 0.140
   280    46     5 0.158
   281    46     6 0.195
   282    46     6 0.171
   283    46     6 0.177
   284    46     6 0.157
   285    46     6 0.132
   286    46     6 0.153
   287    47     5 0.118
   288    47     6 0.161
   289    47     6 0.080
   290    47     6 0.159
   291    47     6 0.196
   292    47     6 0.144
   293    47     6 0.229
   294    48     5 0.231
   295    48     6 0.178
   296    48     6 0.129
   297    48     6 0.142
   298    48     6 0.136
   299    48     6 0.162
   300    48     6 0.188
   301    49     5 0.146
   302    49     6 0.135
   303    49     6 0.173
   304    49     6 0.238
   305    49     6 0.197
   306    49     6 0.191
   307    49     6 0.109
   308    50     5 0.126
   309    50     6 0.123
   310    50     6 0.162
   311    50     6 0.145
   312    50     6 0.069
   313    50     6 0.074
   314    50     6 0.201
   315    51     5 0.259
   316    51     6 0.112
   317    51     6 0.254
   318    51     6 0.039
   319    51     6 0.172
   320    51     6 0.150
   321    51     6 0.112
   322    52     5 0.190
   323    52     6 0.170
   324    52     6 0.110
   325    52     6 0.193
   326    52     6 0.153
   327    52     6 0.068
   328    52     6 0.029
   329    53     5 0.186
   330    53     6 0.136
   331    53     6 0.207
   332    53     6 0.159
   333    53     6 0.153
   334    53     6 0.184
   335    53     6 0.080
   336    54     5 0.100
   337    54     6 0.221
   338    54     6 0.105
   339    54     6 0.152
   340    54     6 0.132
   341    54     6 0.157
   342    54     6 0.053
   343    55     5 0.172
   344    55     6 0.226
   345    55     6 0.177
   346    55     6 0.250
   347    55     6 0.221
   348    55     6 0.151
   349    55     6 0.103
   350    56     5 0.176
   351    56     6 0.063
   352    56     6 0.151
   353    56     6 0.161
   354    56     6 0.202
   355    56     6 0.102
   356    56     6 0.190
   357    57     5 0.095
   358    57     6 0.154
   359    57     6 0.111
   360    57     6 0.189
   361    57     6 0.163
   362    57     6 0.138
   363    57     6 0.244
   364    58     5 0.139
   365    58     6 0.180
   366    58     6 0.144
   367    58     6 0.164
   368    58     6 0.154
   369    58     6 0.159
   370    58     6 0.173
