     1     1     1 0.171
     2     1     2 0.243
     3     1     2 0.226
     4     1     7 0.164
     5     2     1 0.159
     6     2     2 0.181
     7     2     2 0.094
     8     2     7 0.173
     9     3     1 0.183
    10     3     2 0.357
    11     3     2 0.500
    12     3     5 0.191
    13     3     5 0.139
    14     3     7 0.139
    15     3     7 0.190
    16     4     1 0.179
    17     4     2 0.522
    18     4     2 0.251
    19     4     5 0.163
    20     4     5 0.105
    21     4     7 0.074
    22     4     7 0.096
    23     5     1 0.069
    24     5     2 0.295
    25     5     2 0.253
    26     5     5 0.042
    27     5     5 0.155
    28     5     7 0.150
    29     5     7 0.176
    30     6     1 0.151
    31     6     2 0.308
    32     6     2 0.208
    33     6     5 0.102
    34     6     5 0.209
    35     6     7 0.100
    36     6     7 0.137
    37     7     1 0.129
    38     7     2 0.108
    39     7     2 0.296
    40     7     7 0.200
    41     8     1 0.048
    42     8     2 0.177
    43     8     2 0.110
    44     8     7 0.153
    45     9     1 0.084
    46     9     2 0.537
    47     9     2 0.277
    48     9     7 0.128
    49    10     1 0.134
    50    10     2 0.340
    51    10     2 0.419
    52    10     7 0.108
    53    11     3 0.132
    54    11     4 0.238
    55    11     5 0.237
    56    11     5 0.131
    57    11     5 0.210
    58    11     5 0.198
    59    11     6 0.100
    60    12     3 0.341
    61    12     4 0.207
    62    12     5 0.079
    63    12     5 0.148
    64    12     5 0.163
    65    12     5 0.176
    66    12     6 0.118
    67    13     3 0.350
    68    13     4 0.272
    69    13     5 0.184
    70    13     5 0.184
    71    13     5 0.184
    72    13     5 0.134
    73    13     6 0.098
    74    14     3 0.308
    75    14     4 0.280
    76    14     5 0.169
    77    14     5 0.037
    78    14     5 0.092
    79    14     5 0.210
    80    14     6 0.175
    81    15     3 0.316
    82    15     4 0.314
    83    15     5 0.117
    84    15     5 0.166
    85    15     5 0.225
    86    15     5 0.106
    87    15     6 0.167
    88    16     3 0.247
    89    16     4 0.212
    90    16     5 0.102
    91    16     5 0.125
    92    16     5 0.172
    93    16     5 0.140
    94    16     6 0.068
    95    17     3 0.372
    96    17     3 0.215
    97    17     4 0.308
    98    17     5 0.101
    99    17     5 0.071
   100    17     5 0.131
   101    17     5 0.139
   102    18     3 0.220
   103    18     4 0.240
   104    18     4 0.263
   105    18     5 0.123
   106    18     5 0.137
   107    18     5 0.095
   108    18     5 0.177
   109    19     3 0.373
   110    19     4 0.216
   111    19     5 0.041
   112    19     5 0.157
   113    19     5 0.183
   114    19     5 0.108
   115    19     6 0.055
   116    20     3 0.469
   117    20     4 0.272
   118    20     5 0.147
   119    20     5 0.165
   120    20     5 0.119
   121    20     5 0.149
   122    20     6 0.148
   123    21     3 0.261
   124    21     4 0.657
   125    21     5 0.171
   126    21     5 0.103
   127    21     5 0.192
   128    21     5 0.205
   129    21     6 0.185
   130    22     3 0.249
   131    22     4 0.641
   132    22     5 0.166
   133    22     5 0.151
   134    22     5 0.092
   135    22     5 0.175
   136    22     6 0.158
   137    23     3 0.341
   138    23     4 0.415
   139    23     5 0.089
   140    23     5 0.230
   141    23     5 0.176
   142    23     5 0.163
   143    23     6 0.073
   144    24     3 0.407
   145    24     4 0.379
   146    24     5 0.130
   147    24     5 0.041
   148    24     5 0.090
   149    24     5 0.168
   150    24     6 0.072
   151    25     3 0.397
   152    25     4 0.172
   153    25     5 0.271
   154    25     5 0.187
   155    25     5 0.165
   156    25     5 0.123
   157    25     6 0.193
   158    26     3 0.327
   159    26     4 0.242
   160    26     5 0.156
   161    26     5 0.198
   162    26     5 0.137
   163    26     5 0.245
   164    26     6 0.143
   165    27     3 0.237
   166    27     4 0.238
   167    27     5 0.089
   168    27     5 0.131
   169    27     5 0.153
   170    27     5 0.052
   171    27     6 0.131
   172    28     3 0.363
   173    28     4 0.354
   174    28     5 0.178
   175    28     5 0.154
   176    28     5 0.154
   177    28     5 0.190
   178    28     6 0.216
   179    29     3 0.292
   180    29     4 0.348
   181    29     5 0.202
   182    29     7 0.138
   183    30     3 0.438
   184    30     4 0.311
   185    30     5 0.190
   186    30     7 0.180
   187    31     3 0.159
   188    31     4 0.266
   189    31     5 0.127
   190    31     7 0.074
   191    32     3 0.314
   192    32     4 0.207
   193    32     5 0.148
   194    32     7 0.147
   195    33     3 0.429
   196    33     4 0.301
   197    33     5 0.168
   198    33     7 0.189
   199    34     3 0.251
   200    34     4 0.414
   201    34     5 0.087
   202    34     7 0.079
   203    35     5 0.098
   204    35     6 0.110
   205    35     6 0.157
   206    35     6 0.171
   207    35     6 0.191
   208    35     6 0.107
   209    35     7 0.183
   210    36     5 0.129
   211    36     6 0.168
   212    36     6 0.287
   213    36     6 0.074
   214    36     6 0.172
   215    36     6 0.139
   216    36     7 0.184
   217    37     5 0.154
   218    37     6 0.109
   219    37     6 0.108
   220    37     6 0.175
   221    37     6 0.266
   222    37     6 0.110
   223    37     7 0.106
   224    38     5 0.240
   225    38     6 0.177
   226    38     6 0.122
   227    38     6 0.249
   228    38     6 0.177
   229    38     6 0.143
   230    38     7 0.075
   231    39     5 0.190
   232    39     6 0.181
   233    39     6 0.150
   234    39     6 0.205
   235    39     6 0.141
   236    39     6 0.094
   237    39     7 0.172
   238    40     5 0.128
   239    40     6 0.162
   240    40     6 0.228
   241    40     6 0.090
   242    40     6 0.138
   243    40     6 0.200
   244    40     7 0.190
   245    41     5 0.119
   246    41     6 0.054
   247    41     6 0.181
   248    41     6 0.188
   249    41     6 0.161
   250    41     6 0.111
   251    41     7 0.179
   252    42     5 0.227
   253    42     6 0.150
   254    42     6 0.155
   255    42     6 0.197
   256    42     6 0.183
   257    42     6 0.132
   258    42     7 0.188
   259    43     5 0.287
   260    43     6 0.231
   261    43     6 0.147
   262    43     6 0.109
   263    43     6 0.128
   264    43     6 0.193
   265    43     7 0.091
   266    44     5 0.158
   267    44     6 0.160
   268    44     6 0.194
   269    44     6 0.153
   270    44     6 0.274
   271    44     6 0.067
   272    44     7 0.179
   273    45     5 0.126
   274    45     6 0.129
   275    45     6 0.146
   276    45     6 0.154
   277    45     6 0.223
   278    45     6 0.161
   279    45     6 0.144
   280    46     5 0.079
   281    46     6 0.153
   282    46     6 0.188
   283    46     6 0.116
   284    46     6 0.173
   285    46     6 0.072
   286    46     6 0.146
   287    47     5 0.199
   288    47     6 0.103
   289    47     6 0.117
   290    47     6 0.164
   291    47     6 0.094
   292    47     6 0.101
   293    47     6 0.074
   294    48     5 0.164
   295    48     6 0.039
   296    48     6 0.142
   297    48     6 0.208
   298    48     6 0.141
   299    48     6 0.138
   300    48     6 0.098
   301    49     5 0.208
   302    49     6 0.229
   303    49     6 0.138
   304    49     6 0.215
   305    49     6 0.168
   306    49     6 0.137
   307    49     6 0.204
   308    50     5 0.105
   309    50     6 0.199
   310    50     6 0.144
   311    50     6 0.215
   312    50     6 0.239
   313    50     6 0.147
   314    50     6 0.137
   315    51     5 0.162
   316    51     6 0.170
   317    51     6 0.168
   318    51     6 0.190
   319    51     6 0.137
   320    51     6 0.186
   321    51     6 0.202
   322    52     5 0.117
   323    52     6 0.159
   324    52     6 0.158
   325    52     6 0.087
   326    52     6 0.091
   327    52     6 0.077
   328    52     6 0.088
   329    53     5 0.214
   330    53     6 0.142
   331    53     6 0.069
   332    53     6 0.262
   333    53     6 0.187
   334    53     6 0.047
   335    53     6 0.092
   336    54     5 0.122
   337    54     6 0.145
   338    54     6 0.064
   339    54     6 0.127
   340    54     6 0.205
   341    54     6 0.142
   342    54     6 0.147
   343    55     5 0.146
   344    55     6 0.100
   345    55     6 0.122
   346    55     6 0.082
   347    55     6 0.168
   348    55     6 0.127
   349    55     6 0.189
   350    56     5 0.133
   351    56     6 0.212
   352    56     6 0.204
   353    56     6 0.148
   354    56     6 0.125
   355    56     6 0.089
   356    56     6 0.156
   357    57     5 0.200
   358    57     6 0.198
   359    57     6 0.133
   360    57     6 0.141
   361    57     6 0.181
   362    57     6 0.193
   363    57     6 0.079
   364    58     5 0.171
   365    58     6 0.160
   366    58     6 0.160
   367    58     6 0.142
   368    58     6 0.195
   369    58     6 0.132
   370    58     6 0.109
