     1     1     1 0.125
     2     1     2 0.242
     3     1     2 0.244
     4     1     7 0.117
     5     2     1 0.126
     6     2     2 0.144
     7     2     2 0.410
     8     2     7 0.108
     9     3     1 0.047
    10     3     2 0.318
    11     3     2 0.400
    12     3     5 0.230
    13     3     5 0.217
    14     3     7 0.169
    15     3     7 0.094
    16     4     1 0.128
    17     4     2 0.451
    18     4     2 0.186
    19     4     5 0.128
    20     4     5 0.158
    21     4     7 0.183
    22     4     7 0.190
    23     5     1 0.072
    24     5     2 0.364
    25     5     2 0.299
    26     5     5 0.094
    27     5     5 0.170
    28     5     7 0.202
    29     5     7 0.149
    30     6     1 0.196
    31     6     2 0.391
    32     6     2 0.411
    33     6     5 0.187
    34     6     5 0.195
    35     6     7 0.181
    36     6     7 0.240
    37     7     1 0.195
    38     7     2 0.382
    39     7     2 0.218
    40     7     7 0.153
    41     8     1 0.157
    42     8     2 0.287
    43     8     2 0.326
    44     8     7 0.141
    45     9     1 0.131
    46     9     2 0.616
    47     9     2 0.423
    48     9     7 0.239
    49    10     1 0.157
    50    10     2 0.532
    51    10     2 0.341
    52    10     7 0.025
    53    11     3 0.321
    54    11     4 0.399
    55    11     5 0.073
    56    11     5 0.175
    57    11     5 0.107
    58    11     5 0.131
    59    11     6 0.188
    60    12     3 0.361
    61    12     4 0.231
    62    12     5 0.189
    63    12     5 0.165
    64    12     5 0.142
    65    12     5 0.180
    66    12     6 0.206
    67    13     3 0.247
    68    13     4 0.214
    69    13     5 0.232
    70    13     5 0.119
    71    13     5 0.082
    72    13     5 0.092
    73    13     6 0.157
    74    14     3 0.424
    75    14     4 0.305
    76    14     5 0.103
    77    14     5 0.116
    78    14     5 0.179
    79    14     5 0.046
    80    14     6 0.246
    81    15     3 0.284
    82    15     4 0.234
    83    15     5 0.162
    84    15     5 0.111
    85    15     5 0.205
    86    15     5 0.107
    87    15     6 0.184
    88    16     3 0.163
    89    16     4 0.445
    90    16     5 0.150
    91    16     5 0.103
    92    16     5 0.116
    93    16     5 0.137
    94    16     6 0.144
    95    17     3 0.387
    96    17     3 0.143
    97    17     4 0.438
    98    17     5 0.139
    99    17     5 0.124
   100    17     5 0.206
   101    17     5 0.178
   102    18     3 0.116
   103    18     4 0.310
   104    18     4 0.257
   105    18     5 0.243
   106    18     5 0.136
   107    18     5 0.203
   108    18     5 0.045
   109    19     3 0.329
   110    19     4 0.351
   111    19     5 0.182
   112    19     5 0.169
   113    19     5 0.131
   114    19     5 0.185
   115    19     6 0.169
   116    20     3 0.205
   117    20     4 0.234
   118    20     5 0.194
   119    20     5 0.202
   120    20     5 0.171
   121    20     5 0.180
   122    20     6 0.205
   123    21     3 0.209
   124    21     4 0.287
   125    21     5 0.116
   126    21     5 0.095
   127    21     5 0.137
   128    21     5 0.159
   129    21     6 0.130
   130    22     3 0.284
   131    22     4 0.247
   132    22     5 0.198
   133    22     5 0.110
   134    22     5 0.126
   135    22     5 0.299
   136    22     6 0.146
   137    23     3 0.251
   138    23     4 0.311
   139    23     5 0.119
   140    23     5 0.246
   141    23     5 0.198
   142    23     5 0.122
   143    23     6 0.269
   144    24     3 0.278
   145    24     4 0.413
   146    24     5 0.145
   147    24     5 0.139
   148    24     5 0.174
   149    24     5 0.218
   150    24     6 0.126
   151    25     3 0.327
   152    25     4 0.374
   153    25     5 0.068
   154    25     5 0.251
   155    25     5 0.189
   156    25     5 0.123
   157    25     6 0.197
   158    26     3 0.183
   159    26     4 0.414
   160    26     5 0.144
   161    26     5 0.165
   162    26     5 0.165
   163    26     5 0.210
   164    26     6 0.191
   165    27     3 0.178
   166    27     4 0.209
   167    27     5 0.205
   168    27     5 0.132
   169    27     5 0.144
   170    27     5 0.187
   171    27     6 0.229
   172    28     3 0.090
   173    28     4 0.318
   174    28     5 0.156
   175    28     5 0.207
   176    28     5 0.116
   177    28     5 0.174
   178    28     6 0.176
   179    29     3 0.261
   180    29     4 0.202
   181    29     5 0.164
   182    29     7 0.127
   183    30     3 0.366
   184    30     4 0.338
   185    30     5 0.220
   186    30     7 0.272
   187    31     3 0.230
   188    31     4 0.333
   189    31     5 0.083
   190    31     7 0.126
   191    32     3 0.350
   192    32     4 0.430
   193    32     5 0.150
   194    32     7 0.122
   195    33     3 0.354
   196    33     4 0.410
   197    33     5 0.153
   198    33     7 0.089
   199    34     3 0.399
   200    34     4 0.365
   201    34     5 0.033
   202    34     7 0.190
   203    35     5 0.212
   204    35     6 0.027
   205    35     6 0.107
   206    35     6 0.176
   207    35     6 0.163
   208    35     6 0.248
   209    35     7 0.045
   210    36     5 0.290
   211    36     6 0.220
   212    36     6 0.175
   213    36     6 0.154
   214    36     6 0.073
   215    36     6 0.243
   216    36     7 0.110
   217    37     5 0.138
   218    37     6 0.157
   219    37     6 0.073
   220    37     6 0.172
   221    37     6 0.155
   222    37     6 0.121
   223    37     7 0.178
   224    38     5 0.164
   225    38     6 0.175
   226    38     6 0.115
   227    38     6 0.083
   228    38     6 0.062
   229    38     6 0.132
   230    38     7 0.150
   231    39     5 0.127
   232    39     6 0.119
   233    39     6 0.172
   234    39     6 0.075
   235    39     6 0.140
   236    39     6 0.075
   237    39     7 0.181
   238    40     5 0.169
   239    40     6 0.240
   240    40     6 0.144
   241    40     6 0.211
   242    40     6 0.175
   243    40     6 0.195
   244    40     7 0.156
   245    41     5 0.131
   246    41     6 0.092
   247    41     6 0.213
   248    41     6 0.223
   249    41     6 0.046
   250    41     6 0.141
   251    41     7 0.184
   252    42     5 0.145
   253    42     6 0.117
   254    42     6 0.158
   255    42     6 0.107
   256    42     6 0.164
   257    42     6 0.180
   258    42     7 0.086
   259    43     5 0.231
   260    43     6 0.162
   261    43     6 0.144
   262    43     6 0.086
   263    43     6 0.153
   264    43     6 0.124
   265    43     7 0.161
   266    44     5 0.108
   267    44     6 0.086
   268    44     6 0.147
   269    44     6 0.140
   270    44     6 0.160
   271    44     6 0.200
   272    44     7 0.072
   273    45     5 0.121
   274    45     6 0.179
   275    45     6 0.215
   276    45     6 0.114
   277    45     6 0.107
   278    45     6 0.145
   279    45     6 0.219
   280    46     5 0.146
   281    46     6 0.215
   282    46     6 0.144
   283    46     6 0.120
   284    46     6 0.074
   285    46     6 0.184
   286    46     6 0.151
   287    47     5 0.143
   288    47     6 0.091
   289    47     6 0.133
   290    47     6 0.059
   291    47     6 0.171
   292    47     6 0.141
   293    47     6 0.232
   294    48     5 0.222
   295    48     6 0.082
   296    48     6 0.199
   297    48     6 0.157
   298    48     6 0.154
   299    48     6 0.186
   300    48     6 0.210
   301    49     5 0.252
   302    49     6 0.096
   303    49     6 0.216
   304    49     6 0.089
   305    49     6 0.096
   306    49     6 0.116
   307    49     6 0.187
   308    50     5 0.101
   309    50     6 0.097
   310    50     6 0.167
   311    50     6 0.171
   312    50     6 0.158
   313    50     6 0.178
   314    50     6 0.091
   315    51     5 0.118
   316    51     6 0.200
   317    51     6 0.156
   318    51     6 0.187
   319    51     6 0.101
   320    51     6 0.153
   321    51     6 0.194
   322    52     5 0.176
   323    52     6 0.201
   324    52     6 0.146
   325    52     6 0.057
   326    52     6 0.095
   327    52     6 0.161
   328    52     6 0.190
   329    53     5 0.131
   330    53     6 0.173
   331    53     6 0.119
   332    53     6 0.262
   333    53     6 0.154
   334    53     6 0.193
   335    53     6 0.129
   336    54     5 0.250
   337    54     6 0.094
   338    54     6 0.184
   339    54     6 0.202
   340    54     6 0.241
   341    54     6 0.124
   342    54     6 0.069
   343    55     5 0.232
   344    55     6 0.231
   345    55     6 0.163
   346    55     6 0.094
   347    55     6 0.122
   348    55     6 0.110
   349    55     6 0.208
   350    56     5 0.178
   351    56     6 0.180
   352    56     6 0.162
   353    56     6 0.162
   354    56     6 0.109
   355    56     6 0.200
   356    56     6 0.167
   357    57     5 0.178
   358    57     6 0.137
   359    57     6 0.141
   360    57     6 0.145
   361    57     6 0.106
   362    57     6 0.187
   363    57     6 0.220
   364    58     5 0.133
   365    58     6 0.274
   366    58     6 0.175
   367    58     6 0.109
   368    58     6 0.160
   369    58     6 0.100
   370    58     6 0.119
