66.44 67.24 68.88 65.4 64.12 68.44 67.08 69.76 65.8 65.08 68.36 67.2 68.16 69.88 69.72 67.52 68.12 69.2 69.28 71.4 71.84
66.36 68.88 64.92 67.6 68.24 68.12 65.44 64.28 69 65.84 68.12 68.92 69.6 67.64 66.96 67.88 72.48 67.64 72.12 68.8 70.4
66.4 64.6 64.84 64.68 63.32 65.44 64.2 65.04 66.72 64.48 66.2 65.28 65.76 64.88 68.04 65.88 69.6 68 68.4 68.04 66.6
63.12 63.24 64.28 64.28 67.84 63.76 65 67.24 66.6 63.68 63.64 65.24 66.68 68.36 67.44 69.64 66.4 68.36 68.4 66.2 65.88
65.12 63.92 66 65.76 66.16 64.72 66.92 65.84 66.76 64.56 67.36 68.28 68.6 66.4 68.04 66 69.04 69 65.8 69.56 68.56
64.56 65.32 64.6 64.4 63.56 63.24 66.24 64.6 65.44 67 64.6 67.08 66.24 65.88 68.76 65.6 66.12 68.28 68.32 64.8 68.84
63.12 66.04 65.84 60.24 62.24 63.84 65.52 62.04 65.96 66.44 64.28 65.56 63.88 63.92 64.52 64 67.56 67.32 65.12 65.2 67.12
61.16 64.4 58.96 60.76 66.8 63.12 61.72 62.4 63.4 61.96 63.56 62.6 65.68 65.16 62.6 64.44 63.04 65.24 65.84 64.04 65.52
58.56 62.24 60.4 61.16 59.8 62.16 60.36 65.64 59.56 63.64 62.52 62 64.68 62.56 63.8 62.76 63.12 64.72 64.64 65.8 67.12
58.4 61.28 60 58.08 61.44 60.6 61.52 61.48 61.48 63.6 60.36 63.12 61.36 57.68 62.96 63.48 64.24 59.12 66.8 62.08 63.04
54.64 56.16 55.76 59.72 56.64 59 63 58.32 59.8 59.16 60 59.52 59.92 61.52 60.52 60.44 62.52 63.88 61.2 61.52 63.96
51.96 56.4 54.36 56.28 55.72 55.8 57.12 54.68 53.6 61.32 57.24 58.16 64.24 58.04 59.2 57.24 59.96 61.32 61.72 62.08 61.08
52.2 50.8 52.16 52.6 49.68 55.08 55.2 52.12 54.08 54.04 53.52 55.48 54.92 58.4 58.2 57.36 57.36 59.08 61.2 60.48 57.2
47.36 51.04 47.4 47.52 51.4 47.8 49.64 48.32 49.24 52.56 52.2 52.04 54.36 54.52 55.04 53.44 57 52.2 54.56 55.92 59.36
41.08 43.12 41.4 44.92 43.64 44.68 45.08 43.68 44.44 45.52 46.52 47.04 46.12 50.64 49.28 51 48.76 48.44 56.08 52.88 53.2
39.8 38.48 40.32 40.52 41.6 40.12 39.4 41.28 40.36 43.2 43.08 42.72 43.04 43.72 45.48 45.84 45.28 44.04 45.68 44.36 47.32
36.16 36.4 34.36 34.72 36.96 37 36.12 38.6 41.32 38.2 39.08 38.36 39.28 39.16 39.88 38.6 40.32 39.72 41.8 39.72 44.2
32.92 32.88 30.56 31.68 34.16 34.28 34 32.72 32.48 38.4 37.4 32.84 33.32 38.28 38.56 37.88 36.64 37.08 39 38.84 39.36
28.16 28.04 29.88 29.56 30.68 32.48 30.48 30.28 30 31.76 32.04 31.12 31.12 34.24 31.52 32.92 34.24 34.72 32.32 35.04 37.36
25.68 24.48 26.48 25.44 26.28 23.96 26.92 30.04 27.76 27.4 30.72 29.04 30.52 29 28.68 29.56 28.92 30.44 31.44 29.92 29.4
9.16 10.92 11.76 11.04 12.84 12.12 13.36 16.88 16.64 16.8 15 17.4 18.8 17.68 19.24 19.44 18.36 20.44 19.32 20.04 22.12
